INFO: 2023-09-09 09:14:24,419: Data
INFO: 2023-09-09 09:14:24,436: Data shape (110527, 14)
INFO: 2023-09-09 09:14:24,469: Percentage of women: 0.653882342398853
INFO: 2023-09-09 09:14:24,510: Percentage of men: 0.346117657601147
ERROR: 2023-09-09 09:14:24,530: Data shape is incorrect!
